$luigi_idle_left
11 17 11 16 1 0 0 11 16

$luigi_walk_left
11 17 11 16 0.1 0 0 11 16
43 17 14 16 0.1 1 0 11 16

$luigi_jump_left
107 17 16 16 1 3 0 11 16

$luigi_stop_left
141 50 13 16 1 0 0 11 16

$luigi_idle_right
10 50 11 15 1 0 0 11 16

$luigi_walk_right
10 50 11 16 0.1 0 0 11 16
41 50 14 16 0.1 2 0 11 16

$luigi_jump_right
107 50 16 16 1 2 0 11 16

$luigi_stop_right
142 17 13 16 1 2 0 11 16

$luigi_run_left
173 17 16 16 0.01 3 0 11 16
206 17 16 16 0.01 3 0 11 16

$luigi_run_right
173 50 16 16 0.01 2 0 11 16
206 50 16 16 0.01 2 0 11 16

$luigi_fly_left
239 17 16 16 1 3 0 11 16

$luigi_fly_right
239 50 16 16 1 2 0 11 16

$luigi_hold_left
272 17 14 16 0.1 3 0 11 16
305 17 15 16 0.1 3 0 11 16

$luigi_hold_right
274 50 14 16 0.1 0 0 11 16
306 50 15 16 0.1 1 0 11 16

$luigi_kick_left
338 17 16 16 1 3 -1 11 16

$luigi_kick_right
338 50 16 16 1 2 -1 11 16

$luigi_dead
536 50 16 16 1 2 0 12 16

$superluigi_idle_left
635 2 14 31 1 0 0 14 31

$superluigi_idle_right
637 35 14 31 1 0 0 14 31

$superluigi_walk_left
635 2 14 31 0.1 0 0 14 31
668 2 16 31 0.1 1 0 14 31
701 2 16 31 0.1 2 0 14 31

$superluigi_walk_right
637 35 14 31 0.1 0 0 14 31
668 35 16 31 0.1 1 0 14 31
701 35 16 31 0.1 0 0 14 31

$superluigi_jump_left
800 2 16 31 1 2 0 14 31

$superluigi_jump_right
800 35 16 31 1 0 0 14 31

$superluigi_fall_left
701 2 16 31 1 2 0 14 31

$superluigi_fall_right
701 35 16 31 1 0 0 14 31

$superluigi_stop_right
833 1 16 32 1 2 1 14 31

$superluigi_stop_left
833 34 16 32 1 0 1 14 31

$superluigi_sit_left
734 14 14 19 1 0 2 13 17

$superluigi_sit_right
736 47 14 19 1 1 2 13 17

$superluigi_run_left
932 2 19 31 0.01 1 0 14 31
965 2 19 31 0.01 1 0 14 31
998 2 19 31 0.01 1 0 14 31

$superluigi_run_right
929 35 19 31 0.01 3 0 14 31
962 35 19 31 0.01 3 0 14 31
995 35 19 31 0.01 3 0 14 31

$superluigi_fly_left
1032 2 18 30 1 1 1 14 31

$superluigi_fly_right
1028 35 18 30 3 0 1 14 31

$superluigi_hold_left
1064 2 14 31 0.04 0 0 14 31
1097 2 15 31 0.04 0 0 14 31
1130 2 16 31 0.04 0 0 14 31

$superluigi_hold_right
1066 35 14 31 0.04 0 0 14 31
1098 35 15 31 0.04 1 0 14 31
1130 35 16 31 0.04 2 0 14 31

$superluigi_kick_left
1158 2 21 31 1 7 0 14 31

$superluigi_kick_right
1163 35 21 31 1 0 0 14 31

$fireluigi_idle_left
635 266 14 31 1 0 0 14 31

$fireluigi_idle_right
637 299 14 31 1 0 0 14 31

$fireluigi_walk_left
635 266 14 31 0.1 0 0 14 31
668 266 16 31 0.1 1 0 14 31
701 266 16 31 0.1 2 0 14 31

$fireluigi_walk_right
637 299 14 31 0.1 0 0 14 31
668 299 16 31 0.1 1 0 14 31
701 299 16 31 0.1 0 0 14 31

$fireluigi_jump_left
800 266 16 31 1 2 0 14 31

$fireluigi_jump_right
800 299 16 31 1 0 0 14 31

$fireluigi_fall_left
701 266 16 31 1 2 0 14 31

$fireluigi_fall_right
701 299 16 31 1 0 0 14 31

$fireluigi_stop_right
833 265 16 32 1 2 1 14 31

$fireluigi_stop_left
833 298 16 32 1 0 1 14 31

$fireluigi_sit_left
734 278 14 19 1 0 2 13 17

$fireluigi_sit_right
736 311 14 19 1 1 2 13 17

$fireluigi_run_left
932 266 19 31 0.01 1 0 14 31
965 266 19 31 0.01 1 0 14 31
998 266 19 31 0.01 1 0 14 31

$fireluigi_run_right
929 299 19 31 0.01 3 0 14 31
962 299 19 31 0.01 3 0 14 31
995 299 19 31 0.01 3 0 14 31

$fireluigi_fly_left
1032 266 18 30 1 1 1 14 31

$fireluigi_fly_right
1028 299 18 30 3 0 1 14 31

$fireluigi_hold_left
1064 266 14 31 0.04 0 0 14 31
1097 266 15 31 0.04 0 0 14 31
1130 266 16 31 0.04 0 0 14 31

$fireluigi_hold_right
1066 299 14 31 0.04 0 0 14 31
1098 299 15 31 0.04 1 0 14 31
1130 299 16 31 0.04 2 0 14 31

$fireluigi_kick_left
1158 266 21 31 1 7 0 14 31

$fireluigi_kick_right
1163 299 21 31 1 0 0 14 31

$fireluigi_throw_left
866 266 14 31 0.1 0 0 14 31
899 266 14 31 0.1 0 0 14 31

$fireluigi_throw_right
868 299 14 31 0.1 0 0 14 31
901 299 14 31 0.1 0 0 14 31

$starluigi_idle_left
11 17 11 16 0.033333 0 0 11 16
11 83 11 16 0.033333 0 0 11 16
11 215 11 16 0.033333 0 0 11 16

$starluigi_walk_left
11 17 11 16 0.033333 0 0 11 16
11 83 11 16 0.033333 0 0 11 16
11 215 11 16 0.033333 0 0 11 16
43 17 14 16 0.033333 1 0 11 16
43 83 14 16 0.033333 1 0 11 16
43 215 14 16 0.033333 1 0 11 16

$starluigi_jump_left
107 17 16 16 0.033333 3 0 11 16
107 83 16 16 0.033333 3 0 11 16
107 215 16 16 0.033333 3 0 11 16

$starluigi_stop_left
141 50 13 16 0.033333 0 0 11 16
141 116 13 16 0.033333 0 0 11 16
141 248 13 16 0.033333 0 0 11 16

$starluigi_idle_right
10 50 11 15 0.033333 0 0 11 16
10 116 11 15 0.033333 0 0 11 16
10 248 11 15 0.033333 0 0 11 16

$starluigi_walk_right
10 50 11 16 0.033333 0 0 11 16
10 116 11 16 0.033333 0 0 11 16
10 248 11 16 0.033333 0 0 11 16
41 50 14 16 0.033333 2 0 11 16
41 116 14 16 0.033333 2 0 11 16
41 248 14 16 0.033333 2 0 11 16

$starluigi_jump_right
107 50 16 16 0.033333 2 0 11 16
107 116 16 16 0.033333 2 0 11 16
107 248 16 16 0.033333 2 0 11 16

$starluigi_stop_right
142 17 13 16 0.033333 2 0 11 16
142 83 13 16 0.033333 2 0 11 16
142 215 13 16 0.033333 2 0 11 16

$starluigi_run_left
173 17 16 16 0.01 3 0 11 16
206 17 16 16 0.01 3 0 11 16
173 17 16 16 0.01 3 0 11 16
206 17 16 16 0.01 3 0 11 16
173 83 16 16 0.01 3 0 11 16
206 83 16 16 0.01 3 0 11 16
173 83 16 16 0.01 3 0 11 16
206 83 16 16 0.01 3 0 11 16
173 215 16 16 0.01 3 0 11 16
206 215 16 16 0.01 3 0 11 16
173 215 16 16 0.01 3 0 11 16
206 215 16 16 0.01 3 0 11 16

$starluigi_run_right
173 50 16 16 0.01 2 0 11 16
206 50 16 16 0.01 2 0 11 16
173 50 16 16 0.01 2 0 11 16
206 50 16 16 0.01 2 0 11 16
173 116 16 16 0.01 2 0 11 16
206 116 16 16 0.01 2 0 11 16
173 116 16 16 0.01 2 0 11 16
206 116 16 16 0.01 2 0 11 16
173 248 16 16 0.01 2 0 11 16
206 248 16 16 0.01 2 0 11 16
173 248 16 16 0.01 2 0 11 16
206 248 16 16 0.01 2 0 11 16

$starluigi_fly_left
239 17 16 16 0.033333 3 0 11 16
239 83 16 16 0.033333 3 0 11 16
239 248 16 16 0.033333 3 0 11 16

$starluigi_fly_right
239 50 16 16 0.033333 2 0 11 16
239 116 16 16 0.033333 2 0 11 16
239 248 16 16 0.033333 2 0 11 16

$starluigi_hold_left
272 17 14 16 0.033333 3 0 11 16
272 83 14 16 0.033333 3 0 11 16
272 215 14 16 0.033333 3 0 11 16
305 17 15 16 0.033333 3 0 11 16
305 83 15 16 0.033333 3 0 11 16
305 215 15 16 0.033333 3 0 11 16

$starluigi_hold_right
274 50 14 16 0.033333 0 0 11 16
274 116 14 16 0.033333 0 0 11 16
274 248 14 16 0.033333 0 0 11 16
306 50 15 16 0.033333 1 0 11 16
306 116 15 16 0.033333 1 0 11 16
306 248 15 16 0.033333 1 0 11 16

$superstarluigi_idle_left
635 2 14 31 0.033333 0 0 14 31
635 68 14 31 0.033333 0 0 14 31
635 200 14 31 0.033333 0 0 14 31

$superstarluigi_idle_right
637 35 14 31 0.033333 0 0 14 31
637 101 14 31 0.033333 0 0 14 31
637 233 14 31 0.033333 0 0 14 31

$superstarluigi_walk_left
635 2 14 31 0.033333 0 0 14 31
635 68 14 31 0.033333 0 0 14 31
635 200 14 31 0.033333 0 0 14 31
668 2 16 31 0.033333 1 0 14 31
668 68 16 31 0.033333 1 0 14 31
668 200 16 31 0.033333 1 0 14 31
701 2 16 31 0.033333 2 0 14 31
701 68 16 31 0.033333 2 0 14 31
701 200 16 31 0.033333 2 0 14 31

$superstarluigi_walk_right
637 35 14 31 0.033333 0 0 14 31
637 101 14 31 0.033333 0 0 14 31
637 233 14 31 0.033333 0 0 14 31
668 35 16 31 0.033333 1 0 14 31
668 101 16 31 0.033333 1 0 14 31
668 233 16 31 0.033333 1 0 14 31
701 35 16 31 0.033333 0 0 14 31
701 101 16 31 0.033333 0 0 14 31
701 233 16 31 0.033333 0 0 14 31

$superstarluigi_jump_left
800 2 16 31 0.033333 2 0 14 31
800 68 16 31 0.033333 2 0 14 31
800 200 16 31 0.033333 2 0 14 31

$superstarluigi_jump_right
800 35 16 31 0.033333 0 0 14 31
800 101 16 31 0.033333 0 0 14 31
800 233 16 31 0.033333 0 0 14 31

$superstarluigi_fall_left
701 2 16 31 0.033333 2 0 14 31
701 68 16 31 0.033333 2 0 14 31
701 200 16 31 0.033333 2 0 14 31

$superstarluigi_fall_right
701 35 16 31 0.033333 0 0 14 31
701 101 16 31 0.033333 0 0 14 31
701 233 16 31 0.033333 0 0 14 31

$superstarluigi_stop_right
833 1 16 32 0.033333 2 1 14 31
833 67 68 32 0.033333 2 1 14 31
833 199 200 32 0.033333 2 1 14 31

$superstarluigi_stop_left
833 34 16 32 0.033333 0 1 14 31
833 100 16 32 0.033333 0 1 14 31
833 232 16 32 0.033333 0 1 14 31

$superstarluigi_sit_left
734 14 14 19 0.033333 0 2 13 17
734 80 14 19 0.033333 0 2 13 17
734 212 14 19 0.033333 0 2 13 17

$superstarluigi_sit_right
736 47 14 19 0.033333 1 2 13 17
736 113 14 19 0.033333 1 2 13 17
736 245 14 19 0.033333 1 2 13 17

$superstarluigi_run_left
932 2 19 31 0.01 1 0 14 31
965 68 19 31 0.01 1 0 14 31
998 200 19 31 0.01 1 0 14 31
932 2 19 31 0.01 1 0 14 31
965 68 19 31 0.01 1 0 14 31
998 200 19 31 0.01 1 0 14 31
932 2 19 31 0.01 1 0 14 31
965 68 19 31 0.01 1 0 14 31
998 200 19 31 0.01 1 0 14 31

$superstarluigi_run_right
929 35 19 31 0.01 3 0 14 31
962 101 19 31 0.01 3 0 14 31
995 233 19 31 0.01 3 0 14 31
929 35 19 31 0.01 3 0 14 31
962 101 19 31 0.01 3 0 14 31
995 233 19 31 0.01 3 0 14 31
929 35 19 31 0.01 3 0 14 31
962 101 19 31 0.01 3 0 14 31
995 233 19 31 0.01 3 0 14 31

$superstarluigi_fly_left
1032 2 18 30 0.033333 1 1 14 31
1032 68 18 30 0.033333 1 1 14 31
1032 200 18 30 0.033333 1 1 14 31

$superstarluigi_fly_right
1028 35 18 30 0.033333 0 1 14 31
1028 101 18 30 0.033333 0 1 14 31
1028 233 18 30 0.033333 0 1 14 31

$superstarluigi_hold_left
1064 2 14 31 0.04 0 0 14 31
1097 68 15 31 0.04 0 0 14 31
1130 200 16 31 0.04 0 0 14 31
1064 68 14 31 0.04 0 0 14 31
1097 200 15 31 0.04 0 0 14 31
1130 2 16 31 0.04 0 0 14 31
1064 200 14 31 0.04 0 0 14 31
1097 2 15 31 0.04 0 0 14 31
1130 68 16 31 0.04 0 0 14 31
1064 2 14 31 0.04 0 0 14 31
1064 68 14 31 0.04 0 0 14 31
1064 200 14 31 0.04 0 0 14 31
1130 2 16 31 0.04 0 0 14 31
1130 68 16 31 0.04 0 0 14 31
1130 200 16 31 0.04 0 0 14 31

$superstarluigi_hold_right
1066 35 14 31 0.04 0 0 14 31
1098 101 15 31 0.04 1 0 14 31
1130 233 16 31 0.04 2 0 14 31
1066 101 14 31 0.04 0 0 14 31
1098 233 15 31 0.04 1 0 14 31
1130 35 16 31 0.04 2 0 14 31
1066 233 14 31 0.04 0 0 14 31
1098 35 15 31 0.04 1 0 14 31
1130 101 16 31 0.04 2 0 14 31
1066 35 14 31 0.04 0 0 14 31
1066 101 14 31 0.04 0 0 14 31
1066 233 14 31 0.04 0 0 14 31
1130 35 16 31 0.04 2 0 14 31
1130 101 16 31 0.04 2 0 14 31
1130 233 16 31 0.04 2 0 14 31

$firestarluigi_idle_left
635 266 14 31 0.033333 0 0 14 31
635 68 14 31 0.033333 0 0 14 31
635 200 14 31 0.033333 0 0 14 31

$firestarluigi_idle_right
637 299 14 31 0.033333 0 0 14 31
637 101 14 31 0.033333 0 0 14 31
637 233 14 31 0.033333 0 0 14 31

$firestarluigi_walk_left
635 266 14 31 0.033333 0 0 14 31
635 68 14 31 0.033333 0 0 14 31
635 200 14 31 0.033333 0 0 14 31
668 266 16 31 0.033333 1 0 14 31
668 68 16 31 0.033333 1 0 14 31
668 200 16 31 0.033333 1 0 14 31
701 266 16 31 0.033333 2 0 14 31
701 68 16 31 0.033333 2 0 14 31
701 200 16 31 0.033333 2 0 14 31

$firestarluigi_walk_right
637 299 14 31 0.033333 0 0 14 31
637 101 14 31 0.033333 0 0 14 31
637 233 14 31 0.033333 0 0 14 31
668 299 16 31 0.033333 1 0 14 31
668 101 16 31 0.033333 1 0 14 31
668 233 16 31 0.033333 1 0 14 31
701 299 16 31 0.033333 0 0 14 31
701 101 16 31 0.033333 0 0 14 31
701 233 16 31 0.033333 0 0 14 31

$firestarluigi_jump_left
800 266 16 31 0.033333 2 0 14 31
800 68 16 31 0.033333 2 0 14 31
800 200 16 31 0.033333 2 0 14 31

$firestarluigi_jump_right
800 299 16 31 0.033333 0 0 14 31
800 101 16 31 0.033333 0 0 14 31
800 233 16 31 0.033333 0 0 14 31

$firestarluigi_fall_left
701 266 16 31 0.033333 2 0 14 31
701 68 16 31 0.033333 2 0 14 31
701 200 16 31 0.033333 2 0 14 31

$firestarluigi_fall_right
701 299 16 31 0.033333 0 0 14 31
701 101 16 31 0.033333 0 0 14 31
701 233 16 31 0.033333 0 0 14 31

$firestarluigi_stop_right
833 265 16 32 0.033333 2 1 14 31
833 67 16 32 0.033333 2 1 14 31
833 200 16 32 0.033333 2 1 14 31

$firestarluigi_stop_left
833 298 16 32 0.033333 0 1 14 31
833 100 16 32 0.033333 0 1 14 31
833 232 16 32 0.033333 0 1 14 31

$firestarluigi_sit_left
734 278 14 19 0.033333 0 2 13 17
734 80 14 19 0.033333 0 2 13 17
734 212 14 19 0.033333 0 2 13 17

$firestarluigi_sit_right
736 311 14 19 0.033333 1 2 13 17
736 113 14 19 0.033333 1 2 13 17
736 245 14 19 0.033333 1 2 13 17

$firestarluigi_run_left
932 266 19 31 0.01 1 0 14 31
965 68 19 31 0.01 1 0 14 31
998 200 19 31 0.01 1 0 14 31
932 266 19 31 0.01 1 0 14 31
965 68 19 31 0.01 1 0 14 31
998 200 19 31 0.01 1 0 14 31
932 266 19 31 0.01 1 0 14 31
965 68 19 31 0.01 1 0 14 31
998 200 19 31 0.01 1 0 14 31

$firestarluigi_run_right
929 299 19 31 0.01 3 0 14 31
962 101 19 31 0.01 3 0 14 31
995 233 19 31 0.01 3 0 14 31
929 299 19 31 0.01 3 0 14 31
962 101 19 31 0.01 3 0 14 31
995 233 19 31 0.01 3 0 14 31
929 299 19 31 0.01 3 0 14 31
962 101 19 31 0.01 3 0 14 31
995 233 19 31 0.01 3 0 14 31

$firestarluigi_fly_left
1032 266 18 30 0.033333 1 1 14 31
1032 68 18 30 0.033333 1 1 14 31
1032 200 18 30 0.033333 1 1 14 31

$firestarluigi_fly_right
1028 299 18 30 0.033333 0 1 14 31
1028 101 18 30 0.033333 0 1 14 31
1028 233 18 30 0.033333 0 1 14 31

$firestarluigi_hold_left
1064 266 14 31 0.04 0 0 14 31
1097 68 15 31 0.04 0 0 14 31
1130 200 16 31 0.04 0 0 14 31
1064 68 14 31 0.04 0 0 14 31
1097 200 15 31 0.04 0 0 14 31
1130 266 16 31 0.04 0 0 14 31
1064 200 14 31 0.04 0 0 14 31
1097 266 15 31 0.04 0 0 14 31
1130 68 16 31 0.04 0 0 14 31
1064 266 14 31 0.04 0 0 14 31
1064 68 14 31 0.04 0 0 14 31
1064 200 14 31 0.04 0 0 14 31
1130 266 16 31 0.04 0 0 14 31
1130 68 16 31 0.04 0 0 14 31
1130 200 16 31 0.04 0 0 14 31

$firestarluigi_hold_right
1066 299 14 31 0.04 0 0 14 31
1098 101 15 31 0.04 1 0 14 31
1130 233 16 31 0.04 2 0 14 31
1066 101 14 31 0.04 0 0 14 31
1098 233 15 31 0.04 1 0 14 31
1130 299 16 31 0.04 2 0 14 31
1066 233 14 31 0.04 0 0 14 31
1098 299 15 31 0.04 1 0 14 31
1130 101 16 31 0.04 2 0 14 31
1066 299 14 31 0.04 0 0 14 31
1066 101 14 31 0.04 0 0 14 31
1066 233 14 31 0.04 0 0 14 31
1130 299 16 31 0.04 2 0 14 31
1130 101 16 31 0.04 2 0 14 31
1130 233 16 31 0.04 2 0 14 31

$firestarluigi_throw_left
866 266 14 31 0.033333 0 0 14 31
866 68 14 31 0.033333 0 0 14 31
866 200 14 31 0.033333 0 0 14 31
899 266 14 31 0.033333 0 0 14 31
899 68 14 31 0.033333 0 0 14 31
899 200 14 31 0.033333 0 0 14 31

$firestarluigi_throw_right
868 299 14 31 0.033333 0 0 14 31
868 101 14 31 0.033333 0 0 14 31
868 233 14 31 0.033333 0 0 14 31
901 299 14 31 0.033333 0 0 14 31
901 101 14 31 0.033333 0 0 14 31
901 233 14 31 0.033333 0 0 14 31