$mario_idle_left
11 17 12 16 1 0 0 12 16

$mario_idle_right
11 50 12 16 1 0 0 12 16

$mario_walk_left
11 17 12 16 0.1 0 0 12 16
43 17 15 16 0.1 1 0 12 16

$mario_walk_right
11 50 12 16 0.1 0 0 12 16
42 50 15 16 0.1 2 0 12 16

$mario_jump_left
108 17 16 16 1 2 0 12 16

$mario_jump_right
108 50 16 16 1 2 0 12 16

$mario_run_left
174 17 16 16 0.01 2 0 12 16
207 17 16 16 0.01 2 0 12 16

$mario_run_right
174 50 16 16 0.01 2 0 12 16
207 50 16 16 0.01 2 0 12 16

$mario_stop_right
142 17 14 16 1 2 0 12 16

$mario_stop_left
142 50 14 16 1 0 0 12 16

$mario_fly_left
240 17 16 16 1 2 0 12 16

$mario_fly_right
240 50 16 16 1 2 0 12 16

$mario_hold_left
273 17 14 16 0.1 2 0 12 16
306 17 15 16 0.1 2 0 12 16

$mario_hold_right
275 50 14 16 0.1 0 0 12 16
307 50 15 16 0.1 1 0 12 16

$mario_kick_left
339 17 16 16 1 2 0 12 16

$mario_kick_right
339 50 16 16 1 2 0 12 16

$mario_dead
525 34 40 49 100 0 0 14 16

$supermario_idle_left
636 6 14 27 1 0 0 14 27

$supermario_idle_right
638 39 14 27 1 0 0 14 27

$supermario_walk_left
636 6 14 27 0.1 0 0 14 27
669 6 16 27 0.1 1 0 14 27
702 6 16 27 0.1 2 0 14 27

$supermario_walk_right
638 39 14 27 0.1 0 0 14 27
669 39 16 27 0.1 1 0 14 27
702 39 16 27 0.1 0 0 14 27

$supermario_jump_left
801 6 16 26 1 2 0 14 27

$supermario_jump_right
801 39 16 26 1 0 0 14 27

$supermario_fall_left
702 6 16 26 1 2 0 14 27

$supermario_fall_right
702 39 16 26 1 0 0 14 27

$supermario_stop_right
834 5 16 28 1 2 1 14 27

$supermario_stop_left
834 38 16 28 1 0 1 14 27

$supermario_sit_left
735 15 14 18 1 0 2 13 16

$supermario_sit_right
737 48 14 18 1 1 2 13 16

$supermario_run_left
933 6 19 27 0.01 2 0 14 27
966 6 19 27 0.01 2 0 14 27
999 6 19 27 0.01 2 0 14 27

$supermario_run_right
930 39 19 27 0.01 3 0 14 27
963 39 19 27 0.01 3 0 14 27
996 39 19 27 0.01 3 0 14 27

$supermario_fly_left
1032 6 19 26 1 2 0 14 27

$supermario_fly_right
1029 39 19 26 1 3 0 14 27

$supermario_hold_left
1065 6 14 27 0.05 0 0 14 27
1098 6 15 27 0.05 0 0 14 27
1131 6 16 27 0.05 0 0 14 27

$supermario_hold_right
1067 39 14 27 0.05 0 0 14 27
1099 39 15 27 0.05 1 0 14 27
1131 39 16 27 0.05 2 0 14 27

$supermario_kick_left
1159 6 21 27 1 7 0 14 27

$supermario_kick_right
1164 39 21 27 1 0 0 14 27

$firemario_idle_left
636 270 14 27 1 0 0 14 27

$firemario_idle_right
638 303 14 27 1 0 0 14 27

$firemario_walk_left
636 270 14 27 0.1 0 0 14 27
669 270 16 27 0.1 1 0 14 27
702 270 16 27 0.1 2 0 14 27

$firemario_walk_right
638 303 14 27 0.1 0 0 14 27
669 303 16 27 0.1 1 0 14 27
702 303 16 27 0.1 0 0 14 27

$firemario_jump_left
801 270 16 26 1 2 0 14 27

$firemario_jump_right
801 303 16 26 1 0 0 14 27

$firemario_fall_left
702 270 16 26 1 2 0 14 27

$firemario_fall_right
702 303 16 26 1 0 0 14 27

$firemario_stop_right
834 269 16 28 1 2 1 14 27

$firemario_stop_left
834 302 16 28 1 0 1 14 27

$firemario_sit_left
735 279 14 18 1 0 2 13 16

$firemario_sit_right
737 312 14 18 1 1 2 13 16

$firemario_run_left
933 270 19 27 0.01 2 0 14 27
966 270 19 27 0.01 2 0 14 27
999 270 19 27 0.01 2 0 14 27

$firemario_run_right
930 303 19 27 0.01 3 0 14 27
963 303 19 27 0.01 3 0 14 27
996 303 19 27 0.01 3 0 14 27

$firemario_fly_left
1032 270 19 26 1 2 0 14 27

$firemario_fly_right
1029 303 19 26 1 3 0 14 27

$firemario_hold_left
1065 270 14 27 0.04 0 0 14 27
1098 270 15 27 0.04 0 0 14 27
1131 270 16 27 0.04 0 0 14 27

$firemario_hold_right
1067 303 14 27 0.04 0 0 14 27
1099 303 15 27 0.04 1 0 14 27
1131 303 16 27 0.04 2 0 14 27

$firemario_kick_left
1159 270 21 27 1 7 0 14 27

$firemario_kick_right
1164 303 21 27 1 0 0 14 27

$firemario_throw_left
867 270 14 27 0.1 0 0 14 27
900 270 14 27 0.1 0 0 14 27

$firemario_throw_right
869 303 14 27 0.1 0 0 14 27
902 303 14 27 0.1 0 0 14 27

$starmario_idle_left
11 17 12 16 0.033333 0 0 12 16
11 83 12 16 0.033333 0 0 12 16
11 215 12 16 0.033333 0 0 12 16

$starmario_idle_right
11 50 12 16 0.033333 0 0 12 16
11 116 12 16 0.033333 0 0 12 16
11 248 12 16 0.033333 0 0 12 16

$starmario_walk_left
11 17 12 16 0.033333 0 0 12 16
11 83 12 16 0.033333 0 0 12 16
11 215 12 16 0.033333 0 0 12 16
43 17 15 16 0.033333 1 0 12 16
43 83 15 16 0.033333 1 0 12 16
43 215 15 16 0.033333 1 0 12 16

$starmario_walk_right
11 50 12 16 0.033333 0 0 12 16
11 116 12 16 0.033333 0 0 12 16
11 248 12 16 0.033333 0 0 12 16
42 50 15 16 0.033333 2 0 12 16
42 116 15 16 0.033333 2 0 12 16
42 248 15 16 0.033333 2 0 12 16

$starmario_jump_left
108 17 16 16 0.033333 2 0 12 16
108 83 16 16 0.033333 2 0 12 16
108 215 16 16 0.033333 2 0 12 16

$starmario_jump_right
108 50 16 16 0.033333 2 0 12 16
108 116 16 16 0.033333 2 0 12 16
108 248 16 16 0.033333 2 0 12 16

$starmario_run_left
174 17 16 16 0.01 2 0 12 16
207 17 16 16 0.01 2 0 12 16
174 17 16 16 0.01 2 0 12 16
207 17 16 16 0.01 2 0 12 16
174 83 16 16 0.01 2 0 12 16
207 83 16 16 0.01 2 0 12 16
174 83 16 16 0.01 2 0 12 16
207 83 16 16 0.01 2 0 12 16
174 215 16 16 0.01 2 0 12 16
207 215 16 16 0.01 2 0 12 16
174 215 16 16 0.01 2 0 12 16
207 215 16 16 0.01 2 0 12 16

$starmario_run_right
174 50 16 16 0.01 2 0 12 16
207 50 16 16 0.01 2 0 12 16
174 50 16 16 0.01 2 0 12 16
207 50 16 16 0.01 2 0 12 16
174 116 16 16 0.01 2 0 12 16
207 116 16 16 0.01 2 0 12 16
174 116 16 16 0.01 2 0 12 16
207 116 16 16 0.01 2 0 12 16
174 248 16 16 0.01 2 0 12 16
207 248 16 16 0.01 2 0 12 16
174 248 16 16 0.01 2 0 12 16
207 248 16 16 0.01 2 0 12 16

$starmario_stop_right
142 17 14 16 0.033333 2 0 12 16
142 83 14 16 0.033333 2 0 12 16
142 215 14 16 0.033333 2 0 12 16

$starmario_stop_left
142 50 14 16 0.033333 0 0 12 16
142 116 14 16 0.033333 0 0 12 16
142 248 14 16 0.033333 0 0 12 16

$starmario_fly_left
240 17 16 16 0.033333 2 0 12 16
240 83 16 16 0.033333 2 0 12 16
240 215 16 16 0.033333 2 0 12 16

$starmario_fly_right
240 50 16 16 0.033333 2 0 12 16
240 116 16 16 0.033333 2 0 12 16
240 248 16 16 0.033333 2 0 12 16

$starmario_hold_left
273 17 14 16 0.033333 2 0 12 16
273 83 14 16 0.033333 2 0 12 16
273 215 14 16 0.033333 2 0 12 16
306 17 15 16 0.033333 2 0 12 16
306 83 15 16 0.033333 2 0 12 16
306 215 15 16 0.033333 2 0 12 16

$starmario_hold_right
275 50 14 16 0.033333 0 0 12 16
275 116 14 16 0.033333 0 0 12 16
275 248 14 16 0.033333 0 0 12 16
307 50 15 16 0.033333 1 0 12 16
307 116 15 16 0.033333 1 0 12 16
307 248 15 16 0.033333 1 0 12 16

$superstarmario_idle_left
636 6 14 27 0.033333 0 0 14 27
636 72 14 27 0.033333 0 0 14 27
636 204 14 27 0.033333 0 0 14 27

$superstarmario_idle_right
638 39 14 27 0.033333 0 0 14 27
638 105 14 27 0.033333 0 0 14 27
638 237 14 27 0.033333 0 0 14 27

$superstarmario_walk_left
636 6 14 27 0.033333 0 0 14 27
636 72 14 27 0.033333 0 0 14 27
636 204 14 27 0.033333 0 0 14 27
669 6 16 27 0.033333 1 0 14 27
669 72 16 27 0.033333 1 0 14 27
669 204 16 27 0.033333 1 0 14 27
702 6 16 27 0.033333 2 0 14 27
702 72 16 27 0.033333 2 0 14 27
702 204 16 27 0.033333 2 0 14 27

$superstarmario_walk_right
638 39 14 27 0.033333 0 0 14 27
638 105 14 27 0.033333 0 0 14 27
638 237 14 27 0.033333 0 0 14 27
669 39 16 27 0.033333 1 0 14 27
669 105 16 27 0.033333 1 0 14 27
669 237 16 27 0.033333 1 0 14 27
702 39 16 27 0.033333 0 0 14 27
702 105 16 27 0.033333 0 0 14 27
702 237 16 27 0.033333 0 0 14 27

$superstarmario_jump_left
801 6 16 26 0.033333 2 0 14 27
801 72 16 26 0.033333 2 0 14 27
801 204 16 26 0.033333 2 0 14 27

$superstarmario_jump_right
801 39 16 26 0.033333 0 0 14 27
801 105 16 26 0.033333 0 0 14 27
801 237 16 26 0.033333 0 0 14 27

$superstarmario_fall_left
702 6 16 26 0.033333 2 0 14 27
702 72 16 26 0.033333 2 0 14 27
702 204 16 26 0.033333 2 0 14 27

$superstarmario_fall_right
702 39 16 26 0.033333 0 0 14 27
702 105 16 26 0.033333 0 0 14 27
702 237 16 26 0.033333 0 0 14 27

$superstarmario_stop_right
834 5 16 28 0.033333 2 1 14 27
834 71 16 28 0.033333 2 1 14 27
834 203 16 28 0.033333 2 1 14 27

$superstarmario_stop_left
834 38 16 28 0.033333 0 1 14 27
834 104 16 28 0.033333 0 1 14 27
834 236 16 28 0.033333 0 1 14 27

$superstarmario_sit_left
735 15 14 18 0.033333 0 2 13 16
735 81 14 18 0.033333 0 2 13 16
735 213 14 18 0.033333 0 2 13 16

$superstarmario_sit_right
737 48 14 18 0.033333 1 2 13 16
737 114 14 18 0.033333 1 2 13 16
737 246 14 18 0.033333 1 2 13 16

$superstarmario_run_left
933 6 19 27 0.01 2 0 14 27
966 6 19 27 0.01 2 0 14 27
999 6 19 27 0.01 2 0 14 27
933 72 19 27 0.01 2 0 14 27
966 72 19 27 0.01 2 0 14 27
999 72 19 27 0.01 2 0 14 27
933 204 19 27 0.01 2 0 14 27
966 204 19 27 0.01 2 0 14 27
999 204 19 27 0.01 2 0 14 27

$superstarmario_run_right
930 39 19 27 0.01 3 0 14 27
963 39 19 27 0.01 3 0 14 27
996 39 19 27 0.01 3 0 14 27
930 105 19 27 0.01 3 0 14 27
963 105 19 27 0.01 3 0 14 27
996 105 19 27 0.01 3 0 14 27
930 237 19 27 0.01 3 0 14 27
963 237 19 27 0.01 3 0 14 27
996 237 19 27 0.01 3 0 14 27

$superstarmario_fly_left
1032 6 19 26 0.033333 2 0 14 27
1032 72 19 26 0.033333 2 0 14 27
1032 204 19 26 0.033333 2 0 14 27

$superstarmario_fly_right
1029 39 19 26 0.033333 3 0 14 27
1029 105 19 26 0.033333 3 0 14 27
1029 237 19 26 0.033333 3 0 14 27

$superstarmario_hold_left
1065 6 14 27 0.04 0 0 14 27
1098 72 15 27 0.04 0 0 14 27
1131 204 16 27 0.04 0 0 14 27
1065 72 14 27 0.04 0 0 14 27
1098 204 15 27 0.04 0 0 14 27
1131 6 16 27 0.04 0 0 14 27
1065 204 14 27 0.04 0 0 14 27
1098 6 15 27 0.04 0 0 14 27
1131 72 16 27 0.04 0 0 14 27
1065 72 14 27 0.04 0 0 14 27
1065 6 14 27 0.04 0 0 14 27
1065 204 14 27 0.04 0 0 14 27 
1131 204 16 27 0.04 0 0 14 27
1131 6 16 27 0.04 0 0 14 27
1131 72 16 27 0.04 0 0 14 27

$superstarmario_hold_right
1067 39 14 27 0.04 0 0 14 27
1099 105 15 27 0.04 1 0 14 27
1131 237 16 27 0.04 2 0 14 27
1067 105 14 27 0.04 0 0 14 27
1099 237 15 27 0.04 1 0 14 27
1131 39 16 27 0.04 2 0 14 27
1067 237 14 27 0.04 0 0 14 27
1099 39 15 27 0.04 1 0 14 27
1131 105 16 27 0.04 2 0 14 27 
1067 105 14 27 0.04 0 0 14 27
1067 39 14 27 0.04 0 0 14 27
1067 237 14 27 0.04 0 0 14 27
1131 237 16 27 0.04 2 0 14 27
1131 39 16 27 0.04 2 0 14 27
1131 105 16 27 0.04 2 0 14 27

$firestarmario_idle_left
636 270 14 27 0.033333 0 0 14 27
636 72 14 27 0.033333 0 0 14 27
636 204 14 27 0.033333 0 0 14 27

$firestarmario_idle_right
638 303 14 27 0.033333 0 0 14 27
638 105 14 27 0.033333 0 0 14 27
638 237 14 27 0.033333 0 0 14 27

$firestarmario_walk_left
636 270 14 27 0.033333 0 0 14 27
636 72 14 27 0.033333 0 0 14 27
636 204 14 27 0.033333 0 0 14 27
669 6 16 27 0.033333 1 0 14 27
669 72 16 27 0.033333 1 0 14 27
669 204 16 27 0.033333 1 0 14 27
702 6 16 27 0.033333 2 0 14 27
702 72 16 27 0.033333 2 0 14 27
702 204 16 27 0.033333 2 0 14 27

$firestarmario_walk_right
638 303 14 27 0.033333 0 0 14 27
638 105 14 27 0.033333 0 0 14 27
638 237 14 27 0.033333 0 0 14 27
669 39 16 27 0.033333 1 0 14 27
669 105 16 27 0.033333 1 0 14 27
669 237 16 27 0.033333 1 0 14 27
702 39 16 27 0.033333 0 0 14 27
702 105 16 27 0.033333 0 0 14 27
702 237 16 27 0.033333 0 0 14 27

$firestarmario_jump_left
801 270 16 26 0.033333 2 0 14 27
801 72 16 26 0.033333 2 0 14 27
801 204 16 26 0.033333 2 0 14 27

$firestarmario_jump_right
801 303 16 26 0.033333 0 0 14 27
801 105 16 26 0.033333 0 0 14 27
801 237 16 26 0.033333 0 0 14 27

$firestarmario_fall_left
702 270 16 26 0.033333 2 0 14 27
702 72 16 26 0.033333 2 0 14 27
702 204 16 26 0.033333 2 0 14 27

$firestarmario_fall_right
702 303 16 26 0.033333 0 0 14 27
702 105 16 26 0.033333 0 0 14 27
702 237 16 26 0.033333 0 0 14 27

$firestarmario_stop_right
834 269 16 28 0.033333 2 1 14 27
834 71 16 28 0.033333 2 1 14 27
834 203 16 28 0.033333 2 1 14 27

$firestarmario_stop_left
834 302 16 28 0.033333 0 1 14 27
834 104 16 28 0.033333 0 1 14 27
834 236 16 28 0.033333 0 1 14 27

$firestarmario_sit_left
735 279 14 18 0.033333 0 2 13 16
735 81 14 18 0.033333 0 2 13 16
735 213 14 18 0.033333 0 2 13 16

$firestarmario_sit_right
737 312 14 18 0.033333 1 2 13 16
737 114 14 18 0.033333 1 2 13 16
737 246 14 18 0.033333 1 2 13 16

$firestarmario_run_left
933 270 19 27 0.01 2 0 14 27
966 270 19 27 0.01 2 0 14 27
999 270 19 27 0.01 2 0 14 27
933 72 19 27 0.01 2 0 14 27
966 72 19 27 0.01 2 0 14 27
999 72 19 27 0.01 2 0 14 27
933 204 19 27 0.01 2 0 14 27
966 204 19 27 0.01 2 0 14 27
999 204 19 27 0.01 2 0 14 27

$firestarmario_run_right
930 303 19 27 0.01 3 0 14 27
963 303 19 27 0.01 3 0 14 27
996 303 19 27 0.01 3 0 14 27
930 105 19 27 0.01 3 0 14 27
963 105 19 27 0.01 3 0 14 27
996 105 19 27 0.01 3 0 14 27
930 237 19 27 0.01 3 0 14 27
963 237 19 27 0.01 3 0 14 27
996 237 19 27 0.01 3 0 14 27

$firestarmario_fly_left
1032 270 19 26 0.033333 2 0 14 27
1032 72 19 26 0.033333 2 0 14 27
1032 204 19 26 0.033333 2 0 14 27

$firestarmario_fly_right
1029 303 19 26 0.033333 3 0 14 27
1029 105 19 26 0.033333 3 0 14 27
1029 237 19 26 0.033333 3 0 14 27

$firestarmario_throw_left
867 270 14 27 0.033333 0 0 14 27
867 72 14 27 0.033333 0 0 14 27
867 204 14 27 0.033333 0 0 14 27
900 270 14 27 0.033333 0 0 14 27
900 72 14 27 0.033333 0 0 14 27
900 204 14 27 0.033333 0 0 14 27

$firestarmario_throw_right
869 303 14 27 0.033333 0 0 14 27
869 105 14 27 0.033333 0 0 14 27
869 237 14 27 0.033333 0 0 14 27
902 303 14 27 0.033333 0 0 14 27
902 105 14 27 0.033333 0 0 14 27
902 237 14 27 0.033333 0 0 14 27

$firestarmario_hold_left
1065 270 14 27 0.04 0 0 14 27
1098 72 15 27 0.04 0 0 14 27
1131 204 16 27 0.04 0 0 14 27
1065 72 14 27 0.04 0 0 14 27
1098 204 15 27 0.04 0 0 14 27
1131 270 16 27 0.04 0 0 14 27
1065 204 14 27 0.04 0 0 14 27
1098 270 15 27 0.04 0 0 14 27
1131 72 16 27 0.04 0 0 14 27
1065 72 14 27 0.04 0 0 14 27
1065 270 14 27 0.04 0 0 14 27
1065 204 14 27 0.04 0 0 14 27
1131 204 16 27 0.04 0 0 14 27
1131 270 16 27 0.04 0 0 14 27
1131 72 16 27 0.04 0 0 14 27

$firestarmario_hold_right
1067 303 14 27 0.04 0 0 14 27
1099 105 15 27 0.04 1 0 14 27
1131 237 16 27 0.04 2 0 14 27
1067 105 14 27 0.04 0 0 14 27
1099 237 15 27 0.04 1 0 14 27
1131 303 16 27 0.04 2 0 14 27
1067 237 14 27 0.04 0 0 14 27
1099 303 15 27 0.04 1 0 14 27
1131 105 16 27 0.04 2 0 14 27
1067 105 14 27 0.04 0 0 14 27
1067 303 14 27 0.04 0 0 14 27
1067 237 14 27 0.04 0 0 14 27
1131 237 16 27 0.04 2 0 14 27
1131 303 16 27 0.04 2 0 14 27
1131 105 16 27 0.04 2 0 14 27

